[1,872,519,18,18]
[2,309,394,15,21]
[3,655,494,12,23]
[4,298,689,12,25]
[5,88,316,20,10]
[6,461,76,10,17]
[7,413,502,19,29]
[8,440,834,19,24]
[9,964,907,21,23]
[10,398,72,12,19]
[11,260,39,17,12]
[12,410,568,27,24]
[13,220,304,28,21]
[14,921,334,17,24]
[15,203,366,13,14]
[16,123,904,24,28]
[17,361,924,15,25]
[18,63,475,16,23]
[19,856,389,27,22]
[20,805,35,15,27]
[21,544,395,29,18]
[22,597,522,17,18]
[23,202,885,16,12]
[24,546,636,28,21]
[25,872,224,28,24]
[26,5,649,25,10]
[27,446,895,20,28]
[28,447,764,22,17]
[29,797,721,22,22]
[30,262,528,27,16]
[31,381,531,11,23]
[32,672,580,11,25]
[33,885,889,29,24]
[34,830,749,28,23]
[35,484,635,16,14]
[36,693,619,18,21]
[37,246,652,12,27]
[38,760,346,12,4]
[39,667,154,23,16]
[40,58,695,24,11]
[41,662,250,19,17]
[42,401,950,3,4]
[43,529,596,29,23]
[44,71,768,18,27]
[45,474,562,11,26]
[46,328,100,15,24]
[47,825,386,24,21]
[48,564,706,13,18]
[49,347,152,17,26]
[50,827,921,29,14]
[51,580,230,10,15]
[52,929,459,12,28]
[53,48,841,18,29]
[54,383,356,29,26]
[55,921,38,27,24]
[56,895,382,20,23]
[57,676,91,12,24]
[58,687,10,14,22]
[59,352,189,25,26]
[60,578,500,29,21]
[61,248,32,16,15]
[62,158,950,17,19]
[63,193,726,17,20]
[64,213,673,23,18]
[65,633,739,14,10]
[66,482,741,11,27]
[67,143,670,17,22]
[68,397,889,22,28]
[69,855,733,14,27]
[70,12,537,12,4]
[71,32,65,12,25]
[72,527,755,14,29]
[73,560,69,20,22]
[74,550,257,11,29]
[75,65,46,25,11]
[76,661,767,25,23]
[77,236,252,17,28]
[78,950,964,17,17]
[79,304,746,11,13]
[80,818,320,29,23]
[81,509,370,24,29]
[82,344,949,10,28]
[83,22,636,24,25]
[84,237,50,26,27]
[85,353,950,23,24]
[86,177,425,20,22]
[87,374,122,29,19]
[88,606,383,20,13]
[89,162,935,21,19]
[90,129,460,23,12]
[91,169,207,20,10]
[92,209,883,12,27]
[93,718,379,12,15]
[94,79,656,17,25]
[95,933,492,25,24]
[96,387,891,21,22]
[97,360,312,29,23]
[98,737,879,29,28]
[99,969,337,24,17]
[100,737,135,22,20]
[101,278,798,26,24]
[102,71,837,29,14]
[103,34,620,20,26]
[104,509,787,20,23]
[105,586,245,21,27]
[106,779,126,24,27]
[107,571,197,15,22]
[108,592,431,13,22]
[109,834,30,18,19]
[110,745,618,16,28]
[111,89,31,14,16]
[112,54,529,22,29]
[113,900,906,28,15]
[114,119,818,15,13]
[115,200,865,18,15]
[116,953,158,12,15]
[117,606,65,13,14]
[118,481,505,14,22]
[119,317,201,14,25]
[120,246,771,15,15]
[121,277,269,23,16]
[122,686,1,19,17]
[123,388,162,24,17]
[124,945,671,27,14]
[125,599,504,23,22]
[126,927,725,13,25]
[127,468,513,15,20]
[128,556,325,13,19]
[129,526,273,13,15]
[130,123,245,18,13]
[131,191,869,11,21]
[132,954,648,11,27]
[133,962,963,19,15]
[134,768,127,11,23]
[135,814,365,10,22]
[136,349,748,24,29]
[137,345,553,21,18]
[138,401,888,14,20]
[139,342,879,19,16]
[140,248,707,23,25]
[141,559,707,11,15]
[142,778,93,12,26]
[143,690,904,21,25]
[144,358,92,28,12]
[145,618,591,19,22]
[146,727,834,27,29]
[147,401,219,14,13]
[148,791,443,10,25]
[149,633,248,26,17]
[150,231,660,25,24]
[151,935,121,12,24]
[152,177,935,23,23]
[153,822,778,20,21]
[154,972,929,26,13]
[155,87,957,23,18]
[156,663,595,19,27]
[157,523,819,19,19]
[158,209,714,22,19]
[159,644,216,14,8]
[160,459,794,12,14]
[161,560,926,26,21]
[162,200,860,11,13]
[163,535,250,18,28]
[164,246,436,19,12]
[165,100,7,19,13]
[166,927,325,27,29]
[167,512,160,21,28]
[168,647,858,14,19]
[169,45,646,26,16]
[170,48,55,10,21]
[171,520,608,17,20]
[172,676,64,26,26]
[173,668,51,22,22]
[174,268,323,20,26]
[175,626,798,11,14]
[176,595,47,25,28]
[177,703,655,18,25]
[178,701,900,15,28]
[179,907,336,26,10]
[180,801,327,19,23]
[181,378,444,28,16]
[182,205,123,5,17]
[183,903,595,21,25]
[184,767,138,23,21]
[185,963,370,14,23]
[186,685,508,28,24]
[187,425,609,14,19]
[188,643,312,19,29]
[189,263,409,28,24]
[190,194,604,12,26]
[191,956,812,27,11]
[192,346,777,18,16]
[193,417,0,26,11]
[194,537,213,27,24]
[195,257,523,24,16]
[196,240,448,23,16]
[197,440,761,10,24]
[198,76,20,26,11]
[199,778,205,24,24]
[200,107,752,22,19]
[201,366,626,14,10]
[202,342,695,24,19]
[203,67,925,29,13]
[204,267,615,13,24]
[205,530,595,10,20]
[206,219,967,15,21]
[207,351,76,10,20]
[208,585,236,27,13]
[209,323,548,25,20]
[210,270,337,29,22]
[211,257,425,27,18]
[212,670,304,18,11]
[213,252,652,27,12]
[214,567,413,25,10]
[215,117,696,19,17]
[216,925,914,27,23]
[217,394,343,14,10]
[218,661,166,10,21]
[219,469,920,29,12]
[220,54,400,17,24]
[221,814,184,18,3]
[222,205,260,16,28]
[223,810,181,26,12]
[224,265,342,14,15]
[225,785,674,16,24]
[226,810,515,13,28]
[227,767,861,11,26]
[228,277,296,24,16]
[229,20,555,14,10]
[230,591,806,14,11]
[231,96,568,11,27]
[232,387,447,16,24]
[233,333,696,22,23]
[234,890,598,25,17]
[235,427,698,18,11]
[236,421,322,17,18]
[237,179,188,10,27]
[238,894,915,10,27]
[239,110,838,15,24]
[240,640,831,26,29]
[241,107,209,28,20]
[242,68,910,15,17]
[243,227,318,16,16]
[244,576,552,14,28]
[245,854,527,22,23]
[246,676,89,11,14]
[247,280,16,22,22]
[248,871,406,23,25]
[249,389,396,24,21]
[250,299,615,26,24]
[251,215,516,24,22]
[252,512,602,27,23]
[253,520,737,25,21]
[254,199,198,16,21]
[255,897,450,20,28]
[256,602,173,28,16]
[257,635,22,17,10]
[258,913,765,27,24]
[259,194,319,19,18]
[260,566,550,13,9]
[261,394,433,22,26]
[262,620,354,10,24]
[263,87,44,17,27]
[264,655,585,28,16]
[265,140,666,11,20]
[266,395,47,10,28]
[267,10,878,24,23]
[268,775,820,24,13]
[269,613,875,21,23]
[270,717,465,12,19]
[271,957,607,23,24]
[272,509,845,19,15]
[273,324,798,12,24]
[274,526,406,18,11]
[275,500,525,29,26]
[276,141,386,21,18]
[277,899,780,17,16]
[278,266,412,10,16]
[279,501,298,22,23]
[280,86,392,27,11]
[281,366,878,21,27]
[282,582,114,16,14]
[283,633,282,24,21]
[284,581,769,28,20]
[285,176,696,21,26]
[286,761,902,19,24]
[287,199,764,13,14]
[288,685,909,19,29]
[289,291,364,15,17]
[290,541,903,21,27]
[291,286,478,20,13]
[292,752,925,13,20]
[293,300,655,18,28]
[294,548,234,19,18]
[295,300,553,27,24]
[296,838,49,15,24]
[297,953,623,26,17]
[298,642,212,28,18]
[299,85,684,13,5]
[300,732,83,12,13]
[301,589,678,23,20]
[302,591,235,19,18]
[303,487,579,15,13]
[304,430,608,20,24]
[305,685,163,15,17]
[306,225,324,11,14]
[307,584,51,29,13]
[308,725,382,13,14]
[309,301,804,21,13]
[310,966,68,21,16]
[311,351,125,28,19]
[312,75,384,21,10]
[313,558,77,27,18]
[314,601,617,20,13]
[315,699,884,15,28]
[316,138,237,28,26]
[317,234,663,21,10]
[318,650,556,27,24]
[319,130,970,24,21]
[320,884,348,12,25]
[321,368,145,24,25]
[322,52,38,17,25]
[323,118,843,27,22]
[324,641,812,25,28]
[325,176,617,15,11]
[326,609,592,10,20]
[327,647,336,29,19]
[328,173,286,19,13]
[329,542,684,17,10]
[330,102,621,21,20]
[331,235,956,15,24]
[332,59,910,22,24]
[333,398,65,16,27]
[334,912,870,28,15]
[335,80,311,24,13]
[336,91,1,11,19]
[337,265,17,16,27]
[338,524,816,16,14]
[339,553,687,26,24]
[340,456,639,29,11]
[341,603,539,27,14]
[342,524,8,20,29]
[343,212,377,26,13]
[344,161,914,27,25]
[345,467,571,13,22]
[346,433,148,13,12]
[347,287,779,25,10]
[348,82,762,21,25]
[349,255,300,29,23]
[350,671,716,13,28]
[351,261,892,10,18]
[352,501,373,12,19]
[353,962,215,18,20]
[354,596,110,13,20]
[355,57,830,27,12]
[356,903,215,17,19]
[357,609,943,16,28]
[358,81,959,25,23]
[359,843,405,23,22]
[360,579,304,11,21]
[361,765,718,22,17]
[362,386,833,19,20]
[363,569,433,19,23]
[364,352,186,25,13]
[365,657,491,24,22]
[366,487,669,22,17]
[367,825,15,24,25]
[368,350,129,11,28]
[369,300,28,15,17]
[370,263,645,29,10]
[371,79,857,17,17]
[372,514,13,28,20]
[373,431,459,11,25]
[374,85,221,11,28]
[375,757,645,22,14]
[376,151,326,24,12]
[377,98,10,21,11]
[378,904,873,18,11]
[379,756,605,25,13]
[380,599,422,24,19]
[381,420,146,21,11]
[382,64,264,27,20]
[383,870,832,13,26]
[384,604,45,21,17]
[385,854,893,19,22]
[386,109,749,18,25]
[387,843,24,25,26]
[388,198,504,10,14]
[389,282,332,25,28]
[390,611,584,14,14]
[391,811,607,15,12]
[392,125,671,16,23]
[393,387,396,13,29]
[394,190,248,19,12]
[395,200,431,27,17]
[396,674,168,21,14]
[397,572,378,11,29]
[398,900,186,21,15]
[399,653,903,16,24]
[400,964,207,20,24]
[401,916,325,14,16]
[402,894,330,11,19]
[403,583,294,26,22]
[404,893,616,26,29]
[405,626,329,11,19]
[406,816,895,18,20]
[407,888,389,15,13]
[408,617,291,25,29]
[409,435,697,10,21]
[410,104,91,17,11]
[411,370,931,10,10]
[412,163,187,14,10]
[413,453,714,11,16]
[414,408,669,20,15]
[415,563,572,17,17]
[416,299,519,20,20]
[417,969,966,13,22]
[418,728,76,19,13]
[419,976,894,24,28]
[420,492,640,19,17]
[421,258,325,27,11]
[422,742,152,16,29]
[423,588,499,24,18]
[424,685,47,12,20]
[425,295,380,21,21]
[426,829,447,14,19]
[427,66,20,25,22]
[428,824,901,27,27]
[429,238,260,28,24]
[430,357,629,26,24]
[431,700,530,20,20]
[432,738,351,19,25]
[433,541,902,17,21]
[434,118,129,27,14]
[435,886,854,25,28]
[436,14,209,24,11]
[437,846,404,26,21]
[438,939,150,20,16]
[439,938,702,26,17]
[440,4,207,19,14]
[441,595,900,21,10]
[442,463,477,23,13]
[443,433,463,23,11]
[444,773,407,27,20]
[445,894,772,11,22]
[446,918,766,19,15]
[447,886,771,13,10]
[448,664,140,16,17]
[449,259,599,16,7]
[450,82,855,16,29]
[451,213,358,19,29]
[452,555,899,23,22]
[453,487,369,24,13]
[454,41,524,17,13]
[455,694,431,29,14]
[456,707,680,17,10]
[457,216,126,28,24]
[458,888,242,10,12]
[459,653,254,14,22]
[460,587,252,24,11]
[461,593,939,18,29]
[462,432,511,21,24]
[463,167,75,28,20]
[464,599,874,18,10]
[465,857,596,11,26]
[466,673,153,14,19]
[467,175,87,26,24]
[468,921,560,25,21]
[469,717,160,11,13]
[470,201,306,17,17]
[471,229,449,14,15]
[472,698,288,16,11]
[473,644,122,12,15]
[474,611,609,15,24]
[475,125,399,24,15]
[476,498,546,17,19]
[477,351,618,12,23]
[478,752,902,12,10]
[479,342,632,15,12]
[480,342,142,15,14]
[481,346,966,24,14]
[482,579,125,11,24]
[483,440,511,25,29]
[484,930,919,25,11]
[485,489,573,14,25]
[486,543,888,22,25]
[487,975,915,18,15]
[488,32,678,27,24]
[489,759,944,21,11]
[490,39,722,16,20]
[491,62,925,23,10]
[492,507,311,22,17]
[493,710,424,14,22]
[494,614,493,12,24]
[495,397,943,20,11]
[496,855,21,29,27]
[497,518,532,19,21]
[498,179,73,17,28]
[499,896,126,11,13]
[500,424,253,18,26]
[501,122,203,19,17]
[502,67,750,21,25]
[503,733,372,15,12]
[504,929,576,25,29]
[505,43,909,28,20]
[506,115,509,17,25]
[507,205,94,13,13]
[508,380,75,21,12]
[509,272,753,17,13]
[510,114,285,24,13]
[511,762,794,24,15]
[512,966,207,25,19]
[513,847,653,7,14]
[514,518,131,16,12]
[515,661,940,19,27]
[516,166,919,27,12]
[517,171,327,23,12]
[518,204,111,22,29]
[519,235,339,15,17]
[520,245,5,27,20]
[521,638,295,24,28]
[522,494,288,26,18]
[523,887,92,29,10]
[524,574,65,11,20]
[525,677,583,11,21]
[526,722,661,23,11]
[527,74,386,22,26]
[528,939,727,19,10]
[529,375,422,21,17]
[530,658,559,21,25]
[531,803,585,19,28]
[532,465,706,18,23]
[533,920,314,19,28]
[534,915,574,17,29]
[535,459,676,21,12]
[536,199,953,11,16]
[537,280,432,22,18]
[538,691,671,15,20]
[539,843,743,17,25]
[540,140,194,27,20]
[541,633,807,22,18]
[542,187,300,23,20]
[543,858,156,23,26]
[544,954,406,12,20]
[545,753,99,21,17]
[546,118,582,17,12]
[547,794,683,17,10]
[548,201,667,29,26]
[549,46,521,25,13]
[550,843,735,22,20]
[551,254,254,23,17]
[552,309,667,29,20]
[553,426,285,16,25]
[554,556,392,20,10]
[555,144,49,14,19]
[556,251,248,12,17]
[557,191,604,24,11]
[558,515,949,10,10]
[559,452,645,14,19]
[560,71,949,13,14]
[561,730,408,17,12]
[562,218,734,20,12]
[563,276,234,24,25]
[564,914,755,16,12]
[565,27,222,23,22]
[566,904,783,22,10]
[567,709,625,18,13]
[568,324,426,25,23]
[569,127,707,23,18]
[570,8,295,29,24]
[571,484,11,25,20]
[572,346,310,23,28]
[573,86,364,20,29]
[574,967,372,4,17]
[575,775,158,14,11]
[576,444,62,20,20]
[577,159,327,11,25]
[578,626,466,5,4]
[579,314,473,14,17]
[580,840,714,14,20]
[581,870,922,14,13]
[582,287,779,13,23]
[583,861,901,16,10]
[584,749,329,23,24]
[585,914,790,27,22]
[586,59,646,10,12]
[587,763,420,16,14]
[588,480,82,20,20]
[589,186,641,19,29]
[590,30,159,11,18]
[591,585,629,29,16]
[592,130,464,15,22]
[593,632,9,12,15]
[594,216,965,22,27]
[595,28,538,14,22]
[596,669,538,11,25]
[597,753,847,21,26]
[598,445,498,29,12]
[599,533,511,17,17]
[600,344,422,19,11]
[601,58,850,14,22]
[602,225,268,10,24]
[603,969,920,14,20]
[604,654,159,20,17]
[605,55,859,28,15]
[606,917,927,20,14]
[607,756,585,22,11]
[608,51,638,15,27]
[609,568,379,21,15]
[610,129,277,23,21]
[611,20,362,22,11]
[612,398,948,10,12]
[613,950,627,24,23]
[614,536,556,29,22]
[615,461,490,28,19]
[616,248,208,19,14]
[617,261,45,20,15]
[618,195,72,18,16]
[619,923,560,26,22]
[620,175,900,19,26]
[621,482,62,18,21]
[622,756,143,7,5]
[623,478,767,22,28]
[624,274,902,25,21]
[625,126,224,20,25]
[626,964,624,19,20]
[627,111,294,25,22]
[628,656,345,11,21]
[629,251,449,21,12]
[630,700,416,29,13]
[631,102,277,27,17]
[632,881,292,18,23]
[633,61,0,24,10]
[634,136,975,21,23]
[635,99,839,29,25]
[636,195,516,26,26]
[637,839,670,22,14]
[638,652,242,15,13]
[639,210,202,28,21]
[640,594,171,19,16]
[641,113,753,10,18]
[642,538,943,29,27]
[643,318,651,20,17]
[644,235,238,21,27]
[645,705,514,20,17]
[646,118,757,14,13]
[647,128,159,18,26]
[648,288,660,25,13]
[649,519,676,14,9]
[650,754,808,14,16]
[651,421,32,20,21]
[652,660,351,18,13]
[653,241,163,20,11]
[654,140,293,23,19]
[655,490,410,25,19]
[656,506,590,14,16]
[657,261,46,19,29]
[658,539,787,28,24]
[659,349,548,11,13]
[660,293,19,25,17]
[661,275,380,18,22]
[662,52,513,29,15]
[663,37,169,18,18]
[664,43,150,27,27]
[665,343,333,18,22]
[666,797,371,25,27]
[667,611,57,26,22]
[668,727,900,25,15]
[669,128,3,11,27]
[670,483,734,29,17]
[671,427,405,17,29]
[672,863,626,28,27]
[673,519,172,26,13]
[674,585,407,21,25]
[675,225,266,16,25]
[676,977,113,14,11]
[677,544,579,16,27]
[678,890,592,20,23]
[679,74,914,21,19]
[680,45,530,27,10]
[681,191,757,23,11]
[682,59,226,25,23]
[683,74,303,19,23]
[684,463,305,22,18]
[685,915,749,24,27]
[686,923,89,12,13]
[687,620,5,29,21]
[688,933,710,16,23]
[689,299,915,12,13]
[690,458,30,28,12]
[691,674,127,28,12]
[692,321,817,18,21]
[693,788,464,5,6]
[694,411,19,19,26]
[695,981,58,10,19]
[696,101,71,12,21]
[697,67,245,22,13]
[698,251,41,25,12]
[699,667,337,10,15]
[700,624,751,17,29]
[701,626,819,20,10]
[702,730,826,15,12]
[703,740,914,19,10]
[704,946,163,16,14]
[705,85,334,29,21]
[706,848,754,12,23]
[707,642,740,12,25]
[708,840,40,20,17]
[709,232,190,19,21]
[710,419,194,13,29]
[711,647,720,23,28]
[712,723,528,22,11]
[713,408,557,20,20]
[714,906,553,16,10]
[715,336,223,29,25]
[716,954,288,22,27]
[717,145,439,27,16]
[718,272,740,22,17]
[719,709,842,20,23]
[720,774,723,19,13]
[721,562,548,21,18]
[722,944,161,16,18]
[723,303,346,29,16]
[724,583,245,10,18]
[725,98,14,13,13]
[726,811,542,19,18]
[727,117,353,13,20]
[728,429,62,19,20]
[729,147,53,25,17]
[730,481,523,23,27]
[731,517,932,10,25]
[732,472,518,26,10]
[733,6,384,10,28]
[734,597,693,21,29]
[735,403,892,6,12]
[736,338,703,22,20]
[737,451,54,28,29]
[738,690,224,23,27]
[739,493,500,10,18]
[740,180,68,29,23]
[741,645,881,13,22]
[742,640,641,13,21]
[743,113,700,22,29]
[744,83,331,17,22]
[745,30,907,18,24]
[746,205,854,25,28]
[747,654,518,28,21]
[748,784,462,14,11]
[749,83,678,20,17]
[750,545,583,25,18]
[751,533,805,16,23]
[752,545,497,11,15]
[753,687,549,19,26]
[754,521,693,24,14]
[755,484,725,26,26]
[756,660,52,11,14]
[757,776,399,15,23]
[758,15,304,16,10]
[759,721,647,12,26]
[760,196,439,14,12]
[761,749,8,18,20]
[762,926,45,14,13]
[763,752,136,15,20]
[764,294,632,29,21]
[765,389,404,24,19]
[766,306,963,12,13]
[767,280,947,17,10]
[768,329,99,20,26]
[769,733,843,13,15]
[770,408,157,25,10]
[771,82,353,16,16]
[772,423,14,21,19]
[773,924,331,24,4]
[774,384,155,28,11]
[775,394,223,25,28]
[776,791,465,26,28]
[777,873,852,12,26]
[778,767,307,26,24]
[779,475,62,24,25]
[780,260,621,19,14]
[781,483,367,13,19]
[782,668,294,10,21]
[783,373,350,18,15]
[784,713,535,22,15]
[785,335,536,24,21]
[786,427,627,24,26]
[787,140,138,26,26]
[788,874,506,12,24]
[789,541,80,11,20]
[790,471,32,9,7]
[791,39,732,28,17]
[792,377,565,17,21]
[793,659,949,10,21]
[794,226,955,21,18]
[795,60,566,25,12]
[796,203,253,16,10]
[797,451,800,20,24]
[798,194,862,18,11]
[799,916,857,24,24]
[800,116,277,25,16]
[801,474,714,11,14]
[802,453,289,11,27]
[803,879,80,18,28]
[804,307,811,12,16]
[805,755,341,21,15]
[806,675,512,25,22]
[807,555,676,19,13]
[808,549,241,10,21]
[809,432,282,24,24]
[810,744,9,23,21]
[811,669,760,18,27]
[812,577,797,15,19]
[813,232,348,27,18]
[814,915,230,22,17]
[815,922,329,29,15]
[816,447,629,18,26]
[817,911,389,25,15]
[818,850,752,10,21]
[819,313,222,25,15]
[820,492,545,21,10]
[821,131,880,24,25]
[822,491,590,26,18]
[823,66,279,24,28]
[824,529,865,20,18]
[825,650,155,17,12]
[826,529,159,24,20]
[827,650,552,14,23]
[828,703,897,26,26]
[829,441,591,22,27]
[830,901,221,17,14]
[831,539,199,21,15]
[832,115,236,14,12]
[833,32,229,27,29]
[834,263,93,25,17]
[835,917,450,29,20]
[836,420,5,12,15]
[837,544,480,14,19]
[838,10,534,20,11]
[839,918,141,28,26]
[840,683,130,21,10]
[841,690,163,25,12]
[842,646,18,28,14]
[843,501,725,20,22]
[844,372,546,25,24]
[845,613,302,29,18]
[846,78,920,16,25]
[847,935,473,26,16]
[848,533,28,10,21]
[849,107,624,11,23]
[850,820,649,15,11]
[851,572,420,19,13]
[852,725,449,15,12]
[853,183,953,22,17]
[854,651,324,15,25]
[855,500,486,12,20]
[856,692,886,16,18]
[857,451,761,26,12]
[858,938,610,23,16]
[859,260,447,21,11]
[860,434,647,27,16]
[861,253,4,11,15]
[862,400,430,14,15]
[863,723,813,24,27]
[864,607,539,29,28]
[865,856,459,11,15]
[866,310,957,10,16]
[867,262,882,12,24]
[868,355,244,28,24]
[869,421,672,18,11]
[870,645,739,13,18]
[871,61,759,24,21]
[872,447,300,10,24]
[873,64,920,21,13]
[874,595,248,10,18]
[875,202,75,17,23]
[876,882,478,12,13]
[877,637,939,28,10]
[878,949,513,15,27]
[879,577,444,26,26]
[880,760,315,22,14]
[881,271,837,29,26]
[882,969,287,18,11]
[883,784,378,29,26]
[884,483,366,20,25]
[885,46,55,25,19]
[886,386,831,10,18]
[887,464,916,12,19]
[888,766,578,12,28]
[889,510,26,25,26]
[890,442,389,22,15]
[891,764,449,25,26]
[892,798,718,17,12]
[893,327,701,20,14]
[894,641,734,12,12]
[895,267,934,15,21]
[896,241,262,11,21]
[897,792,417,23,28]
[898,122,531,10,10]
[899,827,388,10,15]
[900,282,762,11,21]
[901,420,608,12,11]
[902,576,934,16,28]
[903,257,593,13,23]
[904,122,122,21,24]
[905,916,401,16,23]
[906,908,195,17,29]
[907,801,887,26,11]
[908,262,919,29,15]
[909,515,303,22,25]
[910,259,756,13,19]
[911,127,593,27,22]
[912,508,651,22,25]
[913,456,772,15,29]
[914,624,78,18,15]
[915,333,888,19,14]
[916,799,48,28,10]
[917,864,766,26,25]
[918,589,528,12,12]
[919,34,597,18,25]
[920,511,235,29,28]
[921,114,887,21,29]
[922,69,950,20,14]
[923,254,173,23,18]
[924,342,595,12,28]
[925,960,594,15,26]
[926,236,242,12,21]
[927,350,122,12,25]
[928,877,466,13,19]
[929,10,640,11,27]
[930,762,646,24,29]
[931,469,768,24,19]
[932,673,15,19,11]
[933,316,826,26,12]
[934,82,688,29,24]
[935,759,782,19,18]
[936,705,521,23,26]
[937,201,742,20,25]
[938,769,604,19,10]
[939,32,913,18,21]
[940,737,93,28,17]
[941,37,509,26,10]
[942,179,444,11,22]
[943,692,280,15,20]
[944,496,807,20,10]
[945,670,584,13,12]
[946,127,942,29,26]
[947,642,943,20,16]
[948,832,70,24,29]
[949,625,321,17,28]
[950,924,266,27,22]
[951,792,203,16,12]
[952,867,726,27,25]
[953,207,357,21,12]
[954,200,817,26,26]
[955,509,738,10,10]
[956,550,77,10,19]
[957,755,328,24,21]
[958,738,887,28,25]
[959,76,921,17,10]
[960,868,620,22,15]
[961,892,859,29,18]
[962,672,543,21,10]
[963,167,390,28,14]
[964,130,878,16,20]
[965,155,435,22,16]
[966,554,90,10,15]
[967,363,419,15,18]
[968,167,619,28,15]
[969,887,309,23,26]
[970,926,760,26,21]
[971,529,532,14,10]
[972,309,679,28,19]
[973,747,524,29,24]
[974,837,707,16,12]
[975,285,737,28,10]
[976,704,676,14,13]
[977,122,688,14,13]
[978,907,846,18,16]
[979,907,899,24,29]
[980,44,535,10,12]
[981,481,741,28,21]
[982,555,588,15,26]
[983,693,246,29,12]
[984,502,584,20,21]
[985,137,261,23,18]
[986,568,83,13,7]
[987,818,653,18,10]
[988,631,760,4,12]
[989,301,236,21,13]
[990,658,569,25,12]
[991,862,348,21,28]
[992,303,485,28,10]
[993,523,380,17,21]
[994,717,168,12,24]
[995,759,586,13,20]
[996,65,417,25,21]
[997,850,292,19,26]
[998,559,308,26,22]
[999,322,468,13,19]
[1000,328,555,25,21]
[1001,703,479,21,26]
[1002,945,911,17,6]
[1003,754,116,22,19]
[1004,852,89,19,19]
[1005,806,733,22,18]
[1006,774,150,10,27]
[1007,412,230,11,17]
[1008,974,875,21,24]
[1009,356,153,20,12]
[1010,613,571,10,26]
[1011,443,831,26,23]
[1012,281,805,19,10]
[1013,956,161,20,28]
[1014,984,453,6,8]
[1015,569,244,29,12]
[1016,821,49,11,18]
[1017,902,562,13,16]
[1018,193,82,20,23]
[1019,969,803,13,16]
[1020,681,585,23,15]
[1021,930,98,19,21]
[1022,88,693,13,19]
[1023,845,650,13,22]
[1024,462,913,27,21]
[1025,357,752,23,25]
[1026,206,663,22,24]
[1027,619,511,13,12]
[1028,557,594,6,11]
[1029,128,807,17,17]
[1030,745,718,26,26]
[1031,822,23,26,11]
[1032,484,479,26,25]
[1033,409,194,21,21]
[1034,214,295,22,10]
[1035,31,623,12,15]
[1036,687,165,12,19]
[1037,707,528,21,18]
[1038,768,630,20,23]
[1039,655,892,13,15]
[1040,888,769,14,12]
[1041,835,47,29,29]
[1042,808,323,16,14]
[1043,400,218,14,10]
[1044,168,954,11,25]
[1045,69,225,19,19]
[1046,77,788,16,15]
[1047,407,426,24,16]
[1048,84,674,12,10]
[1049,712,422,18,11]
[1050,326,218,18,23]
[1051,853,734,24,20]
[1052,571,221,18,26]
[1053,783,445,26,22]
[1054,856,724,17,22]
[1055,728,99,27,10]
[1056,580,265,22,28]
[1057,186,276,17,29]
[1058,515,842,26,23]
[1059,577,696,10,29]
[1060,658,924,18,19]
[1061,309,527,23,28]
[1062,407,466,26,16]
[1063,84,972,17,6]
[1064,337,552,13,18]
[1065,745,733,13,16]
[1066,495,60,17,16]
[1067,507,135,26,15]
[1068,439,232,13,27]
[1069,586,227,24,14]
[1070,71,774,12,22]
[1071,520,92,15,11]
[1072,625,733,13,25]
[1073,616,360,11,13]
[1074,202,310,16,22]
[1075,115,249,12,14]
[1076,269,90,26,11]
[1077,120,203,10,14]
[1078,787,52,21,29]
[1079,899,114,21,21]
[1080,146,572,27,15]
[1081,774,424,17,15]
[1082,305,694,13,29]
[1083,523,406,24,26]
[1084,293,291,25,26]
[1085,830,662,10,29]
[1086,915,442,10,21]
[1087,369,935,24,26]
[1088,357,597,16,22]
[1089,352,780,6,6]
[1090,108,368,17,29]
[1091,487,804,21,11]
[1092,497,139,23,24]
[1093,936,174,12,21]
[1094,254,652,20,10]
[1095,75,406,12,26]
[1096,463,766,14,20]
[1097,100,459,29,15]
[1098,116,128,13,13]
[1099,292,585,12,16]
[1100,490,787,25,13]
[1101,91,557,13,23]
[1102,390,557,17,10]
[1103,342,421,25,10]
[1104,21,83,21,13]
[1105,923,141,21,19]
[1106,427,300,28,26]
[1107,550,618,26,24]
[1108,393,457,22,10]
[1109,126,838,21,22]
[1110,254,597,25,12]
[1111,466,905,12,23]
[1112,862,581,16,28]
[1113,938,60,18,12]
[1114,375,286,15,13]
[1115,740,775,21,20]
[1116,268,75,26,17]
[1117,613,615,14,29]
[1118,630,488,29,13]
[1119,401,527,18,27]
[1120,231,789,27,24]
[1121,642,483,27,14]
[1122,528,259,25,10]
[1123,825,884,28,18]
[1124,143,584,26,21]
[1125,502,602,10,13]
[1126,475,417,25,14]
[1127,369,904,24,12]
[1128,825,465,12,25]
[1129,741,76,12,27]
[1130,650,947,28,15]
[1131,723,405,20,17]
[1132,290,700,20,15]
[1133,469,756,19,19]
[1134,726,900,24,25]
[1135,436,487,22,24]
[1136,391,544,11,27]
[1137,196,697,18,28]
[1138,814,335,24,15]
[1139,520,416,12,24]
[1140,845,302,10,16]
[1141,282,298,25,19]
[1142,770,398,23,27]
[1143,130,209,27,14]
[1144,325,324,24,12]
[1145,650,951,21,26]
[1146,701,455,26,10]
[1147,559,86,28,11]
[1148,741,883,16,13]
[1149,509,95,24,19]
[1150,958,219,17,11]
[1151,85,17,24,11]
[1152,763,868,14,29]
[1153,109,921,22,23]
[1154,440,604,13,10]
[1155,230,198,27,21]
[1156,393,255,18,25]
[1157,471,322,28,13]
[1158,543,471,27,10]
[1159,49,243,17,22]
[1160,413,635,13,21]
[1161,69,572,22,18]
[1162,769,975,25,18]
[1163,594,102,17,28]
[1164,744,889,20,10]
[1165,676,743,11,29]
[1166,492,11,12,18]
[1167,393,232,21,12]
[1168,856,774,14,22]
[1169,247,256,16,29]
[1170,488,683,14,21]
[1171,526,244,25,25]
[1172,276,356,27,13]
[1173,514,655,10,20]
[1174,968,118,16,10]
[1175,187,284,11,16]
[1176,717,837,28,24]
[1177,533,548,28,26]
[1178,812,722,22,12]
[1179,441,286,25,16]
[1180,344,682,10,26]
[1181,859,733,20,14]
[1182,117,848,21,13]
[1183,439,12,14,22]
[1184,388,269,10,23]
[1185,350,144,13,26]
[1186,199,218,13,13]
[1187,765,767,26,20]
[1188,204,880,12,26]
[1189,265,574,25,20]
[1190,282,3,25,29]
[1191,247,367,19,14]
[1192,246,723,18,26]
[1193,650,117,21,14]
[1194,560,203,13,10]
[1195,850,457,25,16]
[1196,745,820,23,13]
[1197,230,267,22,23]
[1198,942,908,24,17]
[1199,53,494,23,10]
[1200,548,579,25,11]
[1201,387,538,11,24]
[1202,283,641,17,11]
[1203,925,40,21,21]
[1204,489,555,20,23]
[1205,565,284,29,21]
[1206,823,886,20,23]
[1207,344,414,19,23]
[1208,635,945,25,17]
[1209,38,511,29,15]
[1210,199,834,21,14]
[1211,783,105,13,20]
[1212,772,123,24,14]
[1213,294,588,6,6]
[1214,982,442,12,26]
[1215,766,749,20,28]
[1216,307,916,26,28]
[1217,115,687,17,22]
[1218,274,841,13,13]
[1219,291,256,16,28]
[1220,494,731,29,11]
[1221,130,12,17,21]
[1222,188,869,18,17]
[1223,939,164,16,23]
[1224,449,900,8,14]
[1225,330,922,23,22]
[1226,101,952,20,13]
[1227,78,2,24,25]
[1228,273,83,21,12]
[1229,950,345,29,27]
[1230,280,248,22,20]
[1231,555,380,15,26]
[1232,244,2,19,17]
[1233,790,374,13,23]
[1234,846,922,27,14]
[1235,682,807,28,12]
[1236,35,57,29,13]
[1237,215,226,24,24]
[1238,703,10,25,15]
[1239,690,66,17,24]
[1240,945,86,22,18]
[1241,27,170,15,22]
[1242,2,394,15,29]
[1243,166,334,11,22]
[1244,816,871,16,19]
[1245,223,782,17,27]
[1246,112,217,20,21]
[1247,76,2,4,4]
[1248,875,871,16,21]
[1249,11,371,23,26]
[1250,810,771,14,19]
[1251,914,759,20,16]
[1252,203,121,11,24]
[1253,396,412,29,14]
[1254,912,325,28,10]
[1255,75,344,12,12]
[1256,247,257,12,13]
[1257,253,343,27,18]
[1258,239,380,21,11]
[1259,645,135,23,15]
[1260,881,886,28,18]
[1261,162,379,10,18]
[1262,589,787,23,10]
[1263,437,315,23,13]
[1264,119,208,10,21]
[1265,299,760,12,25]
[1266,3,874,29,13]
[1267,470,667,27,24]
[1268,908,269,21,10]
[1269,92,490,25,20]
[1270,510,674,28,15]
[1271,906,902,27,18]
[1272,880,286,14,27]
[1273,80,464,21,13]
[1274,188,885,19,15]
[1275,541,762,22,17]
[1276,533,5,25,26]
[1277,748,963,25,24]
[1278,401,339,14,23]
[1279,19,611,24,12]
[1280,613,784,25,28]
[1281,897,295,13,16]
[1282,49,760,14,24]
[1283,65,738,20,20]
[1284,749,592,14,28]
[1285,491,780,16,29]
[1286,256,632,25,23]
[1287,589,430,15,26]
[1288,622,460,29,14]
[1289,345,634,7,6]
[1290,907,216,16,26]
[1291,877,140,27,20]
[1292,393,261,12,19]
[1293,881,346,11,26]
[1294,421,626,14,24]
[1295,104,8,16,13]
[1296,237,203,10,12]
[1297,685,291,26,11]
[1298,506,17,27,16]
[1299,570,396,13,18]
[1300,289,277,13,28]
[1301,116,505,28,11]
[1302,515,847,17,22]
[1303,411,209,14,15]
[1304,408,952,27,20]
[1305,331,793,21,26]
[1306,831,882,19,18]
[1307,302,560,21,8]
[1308,506,398,29,11]
[1309,433,387,25,11]
[1310,565,938,27,13]
[1311,205,330,27,23]
[1312,663,835,12,20]
[1313,845,398,21,21]
[1314,532,25,28,25]
[1315,533,757,11,15]
[1316,727,108,14,17]
[1317,658,68,29,22]
[1318,591,390,19,17]
[1319,583,248,10,12]
[1320,942,391,23,22]
[1321,683,778,21,11]
[1322,162,970,27,11]
[1323,709,818,14,28]
[1324,162,282,14,27]
[1325,898,441,25,12]
[1326,657,892,13,26]
[1327,584,226,20,26]
[1328,77,915,28,20]
[1329,449,714,18,29]
[1330,135,293,24,28]
[1331,773,826,16,19]
[1332,875,513,17,14]
[1333,99,135,24,13]
[1334,756,511,11,20]
[1335,756,755,13,28]
[1336,331,621,22,19]
[1337,592,905,14,27]
[1338,554,21,24,27]
[1339,214,244,27,25]
[1340,537,694,18,15]
[1341,955,539,11,15]
[1342,594,509,16,27]
[1343,978,953,18,23]
[1344,225,527,28,11]
[1345,760,83,24,21]
[1346,943,479,13,22]
[1347,670,278,20,26]
[1348,656,749,14,25]
[1349,850,417,16,15]
[1350,957,81,24,16]
[1351,331,914,11,24]
[1352,651,113,28,19]
[1353,240,198,29,10]
[1354,296,697,21,10]
[1355,782,134,14,26]
[1356,33,399,27,13]
[1357,275,416,16,21]
